1992  1996  2006  2007  
1993  1996  2010  2012  
1994  1999  2012  2017  
1995  1998  2010  2016  
1996  2002  2013  2015  
1997  2004  2009  2011  
2000  2001  2007  2014  
1998  2002  2006  2010  
2003  2005  2006  2008  
1995  1999  2006  2008  
2003  2006  2010  2013  
2004  2005  2012  2016  
1994  1996  2009  2011  
2001  2003  2014  2016  
2006  2008  2009  2010  
1991  1999  2014  2015  
2004  2008  2014  2015  
2001  2002  2008  2010  
1992  1993  2013  2016  
2005  2008  2011  2012  
