1999  2002  2010  2011
2004  2007  2013  2014
2000  2003  2011  2015
2004  2007  2014  2015
2006  2009  2016  2017
2003  2006  2014  2017
2002  2005  2012  2014
2000  2003  2011  2013
2001  2004  2012  2013
2005  2008  2014  2015
2002  2005  2012  2017
2002  2005  2012  2013
2000  2003  2011  2014
2008  2011  2016  2017
2005  2008  2016  2017
2007  2010  2016  2017
2004  2007  2015  2017
2004  2007  2015  2016
2001  2004  2011  2017
2012  2015  2016  2017
1998  2001  2014  2017